# unix_time, cycles_done, cur_path, paths_total, pending_total, pending_favs, map_size, unique_crashes, unique_hangs, max_depth, execs_per_sec
1585818144, 0, 0, 1, 1, 1, 0.66%, 0, 0, 1, 222.22
1585818149, 0, 0, 73, 73, 1, 0.83%, 0, 0, 2, 417.12
1585818154, 0, 0, 75, 75, 1, 0.84%, 0, 0, 2, 466.25
1585818159, 0, 0, 81, 81, 1, 0.86%, 0, 0, 2, 457.35
1585818164, 0, 0, 84, 84, 1, 0.86%, 0, 0, 2, 447.67
1585818169, 0, 0, 85, 85, 1, 0.86%, 0, 0, 2, 436.53
1585818179, 0, 0, 87, 87, 1, 0.86%, 0, 0, 2, 462.65
1585818215, 0, 0, 104, 104, 1, 0.87%, 0, 0, 2, 451.77
1585818220, 0, 0, 114, 114, 1, 0.87%, 0, 0, 2, 471.26
1585818225, 0, 0, 118, 118, 1, 0.87%, 0, 0, 2, 445.43
1585818230, 0, 0, 122, 122, 1, 0.88%, 0, 0, 2, 472.48
1585818235, 0, 0, 125, 125, 1, 0.88%, 0, 0, 2, 479.07
1585818241, 0, 0, 127, 127, 1, 0.88%, 0, 0, 2, 482.35
1585818246, 0, 0, 128, 128, 1, 0.88%, 0, 0, 2, 480.16
1585818251, 0, 0, 129, 129, 1, 0.88%, 0, 0, 2, 475.63
1585818256, 0, 0, 130, 130, 1, 0.88%, 0, 0, 2, 471.92
1585818261, 0, 0, 131, 131, 1, 0.88%, 0, 0, 2, 476.51
1585818266, 0, 0, 133, 133, 1, 0.88%, 0, 0, 2, 477.51
1585818277, 0, 0, 134, 134, 1, 0.88%, 0, 0, 2, 479.03
1585818282, 0, 0, 135, 135, 1, 0.88%, 0, 0, 2, 481.91
1585818287, 0, 8, 136, 135, 35, 0.88%, 0, 0, 3, 484.16
1585818292, 0, 9, 141, 139, 35, 0.89%, 0, 0, 3, 473.33
1585818297, 0, 9, 142, 140, 35, 0.89%, 0, 0, 3, 482.47
1585818302, 0, 12, 143, 140, 35, 0.89%, 0, 0, 3, 493.49
1585818307, 0, 15, 143, 139, 35, 0.89%, 0, 0, 3, 483.57
1585818313, 0, 29, 143, 138, 34, 0.89%, 0, 0, 3, 483.18
1585818323, 0, 39, 143, 137, 33, 0.89%, 0, 0, 3, 485.05
1585818344, 0, 40, 143, 136, 32, 0.89%, 0, 0, 3, 487.49
1585818354, 0, 40, 144, 137, 32, 0.89%, 0, 0, 3, 484.70
1585818369, 0, 72, 144, 135, 29, 0.89%, 0, 0, 3, 480.53
1585818380, 0, 73, 144, 134, 28, 0.89%, 0, 0, 3, 485.32
1585818436, 0, 75, 145, 133, 26, 0.89%, 0, 0, 3, 478.70
1585818441, 0, 76, 147, 134, 26, 0.89%, 0, 0, 3, 483.85
1585818446, 0, 80, 147, 132, 25, 0.89%, 0, 0, 3, 485.98
1585818451, 0, 81, 147, 131, 24, 0.89%, 0, 0, 3, 495.84
1585818461, 0, 81, 148, 132, 24, 0.89%, 0, 0, 3, 482.02
1585818466, 0, 82, 148, 131, 24, 0.89%, 0, 0, 3, 481.26
1585818482, 0, 85, 148, 130, 23, 0.89%, 0, 0, 3, 468.80
1585818539, 0, 86, 148, 129, 22, 0.89%, 0, 0, 3, 480.52
1585818594, 0, 95, 148, 128, 21, 0.89%, 0, 0, 3, 463.09
1585818666, 0, 98, 148, 127, 20, 0.89%, 0, 0, 3, 483.21
1585818681, 0, 99, 148, 126, 19, 0.89%, 0, 0, 3, 457.45
